Flood_valley.dem.asc
ncols         76
nrows         48
xllcorner     422950.000000
yllcorner     197600.000000
cellsize      50.000000
NODATA_value  -9999.000000
[rows 0 to 25 of 48, columns 0 to 59 of 76]
75.000000 74.596000 74.468000 74.358000 74.249000 74.182000 74.079000 73.984000 73.903000 73.796000 73.691000 73.587000 73.484000 73.552000 73.476000 73.375000 73.265000 73.156000 73.098000 73.086000 72.988000 72.891000 72.793000 72.696000 72.601000 72.497000 72.394000 72.262000 72.132000 72.022000 71.917000 71.763000 71.611000 71.465000 71.321000 71.184000 71.049000 70.930000 70.682000 70.596000 70.591000 70.481000 70.482000 70.439000 70.389000 70.361000 70.324000 70.284000 70.250000 70.240000 70.230000 70.216000 70.192000 70.158000 70.133000 70.100000 70.069000 70.064000 70.060000 70.056000
74.868000 74.453000 74.332000 74.216000 74.110000 74.073000 74.010000 73.912000 73.791000 73.685000 73.581000 73.479000 73.378000 73.449000 73.396000 73.321000 73.223000 73.112000 73.004000 72.959000 72.943000 72.849000 72.752000 72.654000 72.557000 72.462000 72.358000 72.255000 72.119000 71.986000 71.874000 71.770000 71.609000 71.452000 71.301000 71.153000 71.013000 70.876000 70.744000 70.531000 70.453000 70.440000 70.385000 70.346000 70.303000 70.271000 70.241000 70.198000 70.167000 70.160000 70.153000 70.144000 70.128000 70.096000 70.066000 70.050000 70.000000 70.000000 70.000000 70.000000
74.737000 74.311000 74.197000 74.083000 73.970000 73.935000 73.899000 73.839000 73.751000 73.643000 73.537000 73.432000 73.330000 73.347000 73.242000 73.240000 73.166000 73.071000 72.960000 72.852000 72.820000 72.800000 72.711000 72.616000 72.518000 72.421000 72.326000 72.221000 72.117000 71.976000 71.838000 71.726000 71.622000 71.453000 71.288000 71.131000 70.979000 70.835000 70.696000 70.558000 70.382000 70.313000 70.289000 70.257000 70.212000 70.180000 70.160000 70.120000 70.083000 70.080000 70.077000 70.072000 70.064000 70.048000 70.000000 70.000000 70.000000 69.919000 69.856000 69.837000
74.605000 74.169000 74.061000 73.949000 73.838000 73.796000 73.762000 73.727000 73.674000 73.597000 73.497000 73.391000 73.286000 73.244000 73.141000 73.092000 73.084000 73.011000 72.920000 72.809000 72.700000 72.681000 72.658000 72.573000 72.480000 72.381000 72.285000 72.190000 72.083000 71.979000 71.832000 71.688000 71.575000 71.472000 71.292000 71.118000 70.954000 70.795000 70.626000 70.500000 70.372000 70.234000 70.193000 70.171000 70.128000 70.090000 70.080000 70.060000 70.000000 70.000000 70.000000 70.000000 70.000000 70.000000 70.000000 69.890000 69.900000 69.825000 69.758000 69.750000
74.474000 74.027000 73.926000 73.811000 73.702000 73.665000 73.625000 73.592000 73.556000 73.485000 73.447000 73.353000 73.246000 73.141000 73.040000 72.940000 72.941000 72.929000 72.857000 72.769000 72.658000 72.549000 72.543000 72.516000 72.436000 72.343000 72.245000 72.148000 72.054000 71.946000 71.840000 71.685000 71.534000 71.421000 71.272000 71.086000 70.905000 70.740000 70.579000 70.418000 70.306000 70.186000 70.096000 70.086000 70.064000 70.000000 70.000000 70.000000 70.000000 70.000000 70.000000 69.831000 69.797000 69.850000 69.856000 69.784000 69.693000 69.604000 69.551000 69.657000
74.342000 73.885000 73.790000 73.691000 73.579000 73.530000 73.495000 73.456000 73.438000 73.373000 73.341000 73.299000 73.143000 73.040000 72.938000 72.902000 72.802000 72.791000 72.774000 72.703000 72.619000 72.507000 72.398000 72.405000 72.376000 72.296000 72.207000 72.109000 72.012000 71.919000 71.808000 71.701000 71.535000 71.374000 71.260000 71.074000 70.878000 70.687000 70.493000 70.355000 70.209000 70.153000 70.000000 70.000000 70.000000 70.000000 69.784000 69.784000 69.734000 69.695000 69.695000 69.593000 69.664000 69.700000 69.715000 69.694000 69.631000 69.544000 69.458000 69.480000
74.211000 73.742000 73.654000 73.556000 73.461000 73.407000 73.361000 73.327000 73.319000 73.261000 73.235000 73.193000 73.152000 72.937000 72.839000 72.741000 72.765000 72.658000 72.642000 72.619000 72.549000 72.470000 72.358000 72.248000 72.268000 72.236000 72.156000 72.071000 71.973000 71.877000 71.784000 71.670000 71.561000 71.379000 71.203000 71.030000 70.878000 70.667000 70.461000 70.247000 70.333000 70.000000 70.000000 69.887000 70.050000 70.213000 69.890000 69.567000 69.410000 69.553000 69.390000 69.786000 69.497000 69.550000 69.547000 69.606000 69.546000 69.495000 69.409000 69.326000
74.079000 73.600000 73.519000 73.423000 73.330000 73.289000 73.239000 73.195000 73.201000 73.149000 73.129000 73.088000 73.040000 73.006000 72.739000 72.644000 72.551000 72.628000 72.514000 72.492000 72.464000 72.397000 72.329000 72.215000 72.104000 72.131000 72.099000 72.015000 71.935000 71.838000 71.743000 71.651000 71.531000 71.419000 71.215000 71.015000 70.799000 70.674000 70.449000 70.225000 70.000000 70.000000 70.088000 69.952000 69.817000 69.880000 70.088000 69.452000 70.088000 69.410000 69.546000 69.525000 69.572000 69.400000 69.482000 69.534000 69.462000 69.554000 69.509000 69.400000
73.948000 73.458000 73.383000 73.292000 73.202000 73.159000 73.120000 73.073000 73.082000 73.037000 72.930000 72.967000 72.928000 72.891000 72.864000 72.773000 72.665000 72.559000 72.459000 72.371000 72.342000 72.310000 72.246000 72.188000 72.072000 71.959000 71.997000 71.908000 71.875000 71.799000 71.641000 71.631000 71.534000 71.400000 71.281000 71.043000 70.806000 70.568000 70.693000 70.661000 70.526000 70.401000 70.203000 69.661000 69.880000 69.515000 69.640000 69.796000 69.775000 69.588000 69.702000 69.650000 69.535000 69.358000 69.410000 69.491000 69.558000 69.586000 69.609000 69.501000
73.816000 73.316000 73.247000 73.151000 73.066000 73.032000 72.992000 72.955000 72.964000 72.925000 72.821000 72.778000 72.816000 72.775000 72.745000 72.674000 72.621000 72.513000 72.408000 72.313000 72.227000 72.193000 72.157000 72.097000 72.048000 71.929000 71.813000 71.866000 71.719000 71.735000 71.540000 71.548000 71.514000 71.416000 71.318000 71.099000 71.016000 70.828000 70.891000 70.776000 70.713000 70.495000 70.411000 70.411000 69.963000 70.599000 70.015000 69.734000 69.661000 69.671000 69.681000 69.567000 69.525000 69.473000 69.431000 69.390000 69.525000 69.671000 69.709000 69.580000
73.685000 73.173000 73.112000 73.006000 72.916000 72.898000 72.866000 72.828000 72.846000 72.813000 72.710000 72.669000 72.705000 72.659000 72.626000 72.574000 72.538000 72.470000 72.362000 72.256000 72.166000 72.083000 72.045000 72.007000 71.939000 71.907000 71.784000 71.665000 71.656000 71.531000 71.438000 71.705000 71.454000 71.594000 71.287000 71.120000 71.094000 70.984000 70.870000 70.760000 70.651000 70.651000 70.557000 70.359000 70.036000 70.197000 69.723000 69.723000 69.786000 69.848000 69.880000 69.973000 70.025000 69.202000 69.098000 69.098000 69.306000 69.098000 69.148000 69.094000
73.553000 73.031000 72.976000 72.874000 72.775000 72.753000 72.750000 72.703000 72.727000 72.701000 72.593000 72.559000 72.593000 72.544000 72.508000 72.474000 72.376000 72.386000 72.318000 72.211000 72.106000 72.020000 71.940000 71.898000 71.860000 71.782000 71.766000 71.639000 71.514000 71.445000 71.347000 71.454000 71.871000 71.328000 71.183000 71.360000 71.005000 70.724000 70.661000 70.703000 70.651000 70.588000 70.421000 70.255000 70.359000 69.796000 69.900000 70.109000 69.937000 69.911000 69.869000 69.666000 69.911000 69.640000 69.296000 69.275000 69.348000 69.421000 68.986000 69.159000
73.422000 72.889000 72.841000 72.745000 72.649000 72.615000 72.633000 72.587000 72.609000 72.590000 72.559000 72.450000 72.481000 72.428000 72.389000 72.375000 72.341000 72.242000 72.235000 72.095000 72.007000 71.922000 71.873000 71.797000 71.754000 71.700000 71.626000 71.626000 71.495000 71.365000 71.235000 71.162000 70.995000 71.704000 71.047000 70.964000 71.089000 70.995000 70.703000 70.912000 70.724000 70.828000 70.390000 70.432000 69.890000 70.015000 69.786000 70.036000 69.973000 70.151000 69.911000 69.880000 69.452000 69.463000 69.421000 69.431000 69.431000 69.848000 69.795000 69.677000
73.290000 72.747000 72.705000 72.623000 72.534000 72.492000 72.517000 72.472000 72.491000 72.478000 72.458000 72.397000 72.292000 72.312000 72.270000 72.164000 72.242000 72.148000 72.103000 71.980000 71.909000 71.825000 71.740000 71.726000 71.656000 71.611000 71.540000 71.503000 71.485000 71.464000 71.360000 71.391000 70.953000 70.724000 71.141000 70.901000 70.474000 70.557000 70.766000 70.724000 70.797000 70.349000 70.755000 69.994000 69.869000 69.806000 69.609000 69.827000 70.130000 69.848000 69.817000 69.827000 69.692000 69.567000 69.431000 69.598000 69.494000 70.276000 69.785000 69.795000
73.159000 73.012000 72.569000 72.489000 72.416000 72.377000 72.401000 72.356000 72.372000 72.366000 72.356000 72.294000 72.228000 72.196000 72.151000 72.052000 71.956000 72.114000 71.970000 71.865000 71.811000 71.728000 71.657000 71.588000 71.580000 71.522000 71.451000 71.380000 71.485000 71.266000 71.422000 71.589000 71.376000 71.162000 70.818000 70.495000 70.474000 70.359000 70.588000 70.620000 70.640000 70.297000 70.098000 70.192000 69.984000 69.744000 69.754000 69.577000 69.775000 69.734000 69.734000 69.723000 69.609000 69.609000 69.681000 69.515000 69.431000 69.369000 69.741000 69.774000
73.027000 72.812000 72.434000 72.350000 72.281000 72.262000 72.285000 72.241000 72.254000 72.254000 72.255000 72.190000 72.122000 72.081000 72.033000 71.937000 71.849000 72.026000 71.903000 71.792000 71.713000 71.631000 71.630000 71.564000 71.499000 71.433000 71.399000 71.422000 70.818000 71.230000 71.068000 70.984000 71.183000 70.818000 70.932000 70.682000 70.682000 70.547000 70.552000 70.724000 70.453000 70.609000 70.578000 70.307000 70.119000 70.130000 69.786000 69.734000 69.556000 69.556000 69.452000 69.379000 69.400000 69.327000 69.494000 69.463000 69.515000 69.681000 69.795000 69.741000
72.896000 72.611000 72.298000 72.212000 72.142000 72.134000 72.169000 72.126000 72.135000 72.142000 72.154000 72.085000 72.014000 71.947000 71.914000 71.810000 71.728000 71.938000 71.798000 71.715000 71.617000 71.533000 71.552000 71.618000 71.683000 71.506000 71.526000 71.276000 71.037000 71.349000 71.214000 71.120000 70.932000 70.828000 70.891000 70.693000 70.693000 70.703000 70.724000 70.745000 70.651000 70.443000 70.234000 69.869000 69.968000 69.838000 69.994000 70.041000 69.953000 70.171000 69.973000 69.827000 69.765000 69.108000 69.077000 69.056000 69.160000 69.233000 69.395000 69.558000
72.764000 72.411000 72.162000 72.299000 72.193000 72.007000 72.053000 72.012000 72.017000 72.030000 72.052000 71.979000 71.905000 71.836000 71.795000 71.752000 71.651000 71.849000 71.686000 71.573000 71.527000 71.394000 71.547000 71.474000 71.474000 71.495000 71.401000 71.318000 71.109000 70.953000 71.266000 71.057000 70.912000 70.766000 70.797000 70.839000 70.422000 70.661000 70.818000 70.244000 70.422000 70.526000 70.317000 70.098000 69.817000 70.338000 70.526000 69.973000 69.713000 70.140000 70.145000 70.265000 70.088000 69.598000 69.108000 69.035000 69.327000 69.369000 69.601000 69.638000
72.633000 72.210000 72.027000 72.299000 72.166000 72.141000 72.180000 71.903000 71.899000 71.918000 71.951000 71.872000 71.794000 71.724000 71.676000 71.693000 71.713000 71.582000 71.569000 71.431000 71.424000 71.339000 71.172000 71.109000 71.537000 71.516000 71.339000 71.255000 71.203000 71.005000 70.891000 70.828000 70.755000 71.057000 70.953000 70.755000 71.016000 70.807000 70.057000 70.578000 70.203000 70.192000 69.577000 70.234000 70.119000 70.609000 70.505000 70.286000 70.474000 70.463000 70.182000 70.442000 70.119000 69.504000 69.241000 69.585000 69.532000 69.407000 69.416000 69.349000
72.501000 72.240000 71.891000 72.271000 72.096000 71.935000 71.943000 71.921000 71.780000 71.806000 71.849000 71.769000 71.687000 71.617000 71.558000 71.576000 71.737000 71.673000 71.652000 71.289000 71.321000 71.332000 71.332000 71.279000 71.203000 71.410000 71.370000 71.214000 71.047000 70.880000 70.713000 71.162000 70.839000 70.849000 70.797000 70.786000 70.786000 70.422000 70.338000 70.682000 70.140000 70.349000 69.480000 70.449000 70.495000 70.324000 70.168000 70.609000 70.283000 70.387000 70.620000 70.043000 69.741000 69.741000 69.824000 70.012000 69.793000 69.657000 69.574000 69.574000
72.370000 71.925000 72.241000 72.558000 72.515000 72.408000 71.705000 71.684000 71.662000 71.694000 71.748000 71.748000 71.588000 71.502000 71.439000 71.577000 71.694000 71.609000 71.417000 71.534000 71.332000 71.417000 71.492000 71.279000 71.268000 71.380000 71.283000 71.241000 71.016000 70.877000 71.262000 70.939000 71.075000 70.949000 70.877000 70.741000 70.783000 70.845000 70.720000 70.408000 70.033000 69.574000 69.605000 70.106000 69.991000 69.803000 69.762000 70.189000 70.001000 70.095000 69.741000 70.126000 69.939000 70.043000 70.168000 69.855000 70.053000 69.755000 69.789000 69.665000
72.238000 71.609000 71.620000 71.833000 72.142000 72.099000 71.822000 71.726000 71.758000 71.684000 71.748000 71.737000 71.662000 71.385000 71.417000 71.588000 71.492000 71.428000 71.417000 71.470000 71.225000 71.225000 71.343000 71.385000 69.928000 70.981000 71.085000 71.022000 70.887000 70.626000 70.752000 71.033000 70.991000 71.116000 70.981000 70.793000 70.699000 70.856000 70.856000 70.626000 70.376000 70.137000 70.158000 70.262000 70.116000 70.262000 69.970000 69.762000 69.595000 69.470000 69.814000 70.033000 70.064000 70.043000 69.981000 70.022000 69.928000 69.947000 69.879000 70.060000
72.014000 71.449000 71.289000 71.620000 71.758000 71.705000 71.598000 71.502000 71.556000 71.641000 71.694000 71.492000 71.385000 71.364000 71.577000 71.588000 71.353000 71.502000 71.460000 71.097000 71.151000 70.916000 71.257000 71.279000 70.439000 70.752000 70.866000 70.949000 70.699000 71.137000 71.106000 71.189000 71.189000 71.022000 70.699000 70.720000 70.793000 70.887000 70.772000 70.574000 70.564000 70.345000 70.178000 70.293000 69.762000 69.022000 69.866000 70.647000 69.522000 69.397000 70.116000 69.866000 70.012000 70.085000 70.189000 69.960000 69.793000 69.856000 69.653000 69.778000
71.929000 71.470000 71.236000 71.407000 71.449000 71.673000 71.524000 71.524000 71.417000 71.353000 71.247000 71.097000 71.172000 71.087000 71.428000 71.268000 71.119000 71.204000 71.151000 71.140000 71.172000 70.501000 70.863000 70.895000 70.708000 70.445000 70.564000 70.897000 71.387000 71.127000 71.200000 71.043000 70.908000 70.699000 70.918000 70.085000 69.439000 69.845000 69.585000 69.564000 69.605000 69.439000 69.595000 69.564000 69.418000 69.157000 70.022000 69.397000 69.012000 70.001000 70.074000 70.147000 70.074000 70.126000 70.074000 69.814000 69.553000 69.563000 69.574000 69.202000
71.748000 71.598000 71.311000 71.300000 71.801000 71.481000 71.407000 71.332000 71.385000 71.289000 71.311000 71.055000 71.087000 71.002000 71.183000 70.458000 70.469000 70.906000 71.055000 70.980000 70.767000 70.255000 70.660000 70.671000 70.022000 70.137000 70.231000 70.470000 71.043000 71.220000 71.116000 71.012000 70.856000 69.887000 69.918000 69.845000 69.741000 69.720000 69.647000 69.585000 69.522000 69.522000 69.720000 69.605000 69.574000 69.449000 70.033000 70.012000 70.001000 69.001000 69.970000 70.210000 69.970000 69.866000 69.720000 69.480000 69.564000 69.902000 69.552000 69.416000
71.225000 71.311000 71.151000 71.172000 71.140000 71.225000 71.311000 71.215000 71.225000 71.108000 71.225000 71.108000 70.511000 70.405000 70.682000 70.767000 70.778000 70.597000 70.586000 70.032000 70.277000 70.351000 70.458000 70.287000 70.043000 70.053000 70.033000 70.116000 70.616000 70.970000 70.887000 70.126000 69.991000 69.835000 69.918000 69.887000 69.835000 69.793000 69.605000 69.585000 69.647000 70.091000 70.080000 70.069000 70.058000 70.044000 69.637000 69.366000 69.990000 69.043000 69.439000 69.324000 69.657000 69.678000 69.241000 69.387000 68.636000 69.552000 69.518000 69.428000
